Grav Free
1.35223
1.35223
1.44469
1.44469
1.4013
1.4013
1.4013
1.4013
1.35743
1.35743
1.35743
1.35743
1.39659
1.39659
1.39659
1.36153
1.36153
1.36153
1.36153
1.41311
1.41311
1.41311
1.34827
1.34827
1.34827
1.34827
1.39135
1.39135
1.39135
1.38397
1.38397
1.38397
1.38804
1.38804
1.38804
1.38804
1.40464
1.40464
1.40464
1.39369
1.39369
1.39369
1.39369
1.41382
1.41382
1.41382
1.38454
1.38454
1.38454
1.38454
1.41739
1.41739
1.41739
1.40105
1.40105
1.40105
1.40105
1.41041
1.41041
1.41041
1.41041
1.43437
1.43437
1.43437
1.38738
1.38738
1.38738
1.38738
1.41089
1.41089
1.41089
1.41154
1.41154
1.41154
1.35786
1.35786
1.35786
1.35786
1.33681
1.33681
1.33681
1.35161
1.35161
1.35161
1.3862
1.3862
1.3862
1.3862
1.38459
1.38459
1.38459
1.39616
1.39616
1.39616
1.39616
1.4022
1.4022
1.4022
1.39923
1.39923
1.39923
1.39923
1.39838
1.39838
1.39838
1.42077
1.42077
1.42077
1.42077
1.41279
1.41279
1.41279
1.3676
1.3676
1.3676
1.3676
1.3492
1.3492
1.3492
1.38841
1.38841
1.38841
1.38841
1.40177
1.40177
1.40177
1.38155
1.38155
1.38155
1.38155
1.39539
1.39539
1.39539
1.39539
1.40499
1.40499
1.40499
1.42364
1.42364
1.42364
1.42364
1.39789
1.39789
1.39789
1.37104
1.37104
1.37104
1.37104
1.34938
1.34938
1.34938
1.40178
1.40178
1.40178
1.40178
1.39008
1.39008
1.39008
1.36836
1.36836
1.36836
1.36836
1.33729
1.33729
1.33729
1.34047
1.34047
1.34047
1.34047
1.34734
1.34734
1.34734
1.35167
1.35167
1.35167
1.35167
1.36599
1.36599
1.36599
1.35489
1.35489
1.35489
1.35489
1.32598
1.32598
1.32598
1.32738
1.32738
1.32738
1.32738
1.31392
1.31392
1.31392
1.33234
1.33234
1.33234
1.33234
1.35091
1.35091
1.35091
1.35091
1.3558
1.3558
1.3558
1.37748
1.37748
1.37748
1.3775
1.3775
1.3775
1.3775
1.37995
1.37995
1.37995
1.36865
1.36865
1.36865
1.36865
1.36501
1.36501
1.36501
1.35808
1.35808
1.35808
1.35808
1.36152
1.36152
1.36152
1.36152
1.41559
1.41559
1.41559
1.37886
1.37886
1.37886
1.37886
1.38697
1.38697
1.38697
1.38235
1.38235
1.38235
1.38235
1.38013
1.38013
1.38013
1.3955
1.3955
1.3955
1.3955
1.40563
1.40563
1.40563
1.44246
1.44246
1.44246
1.44246
1.44632
1.44632
1.44632
1.44632
1.41691
1.41691
1.41691
1.39958
1.39958
1.39958
1.39958
1.41069
1.41069
1.41069
1.36336
1.36336
1.36336
1.36336
1.36101
1.36101
1.36101
1.38874
1.38874
1.38874
1.38874
1.39151
1.39151
1.39151
1.34108
1.34108
1.34108
1.34108
1.38784
1.38784
1.38784
1.37852
1.37852
1.37852
1.37852
1.40112
1.40112
1.40112
1.42577
1.42577
1.42577
1.42577
1.41497
1.41497
1.41497
1.45867
1.45867
1.45867
1.45867
1.4212
1.4212
1.4212
1.37454
1.37454
1.37454
1.37454
1.33591
1.33591
1.33591
1.36763
1.36763
1.36763
1.36763
1.3404
1.3404
1.3404
1.3404
1.35354
1.35354
1.35354
1.39115
1.39115
1.39115
1.39115
1.34746
1.34746
1.34746
1.37434
1.37434
1.37434
1.37434
1.38656
1.38656
1.38656
1.40616
1.40616
1.40616
1.40616
1.37187
1.37187
1.37187
1.37187
1.35897
1.35897
1.35897
1.36591
1.36591
1.36591
1.36591
1.37844
1.37844
1.37844
1.37708
1.37708
1.37708
1.39629
1.39629
1.39629
1.39629
1.41553
1.41553
1.41553
1.41553
1.40157
1.40157
1.40157
1.40139
1.40139
1.40139
1.40139
1.39865
1.39865
1.39865
1.36817
1.36817
1.36817
1.36817
1.35198
1.35198
1.35198
1.36482
1.36482
1.36482
1.36482
1.38079
1.38079
1.38079
1.38317
1.38317
1.38317
1.38317
1.36453
1.36453
1.36453
1.34698
1.34698
1.34698
1.34698
1.35839
1.35839
1.35839
1.37487
1.37487
1.37487
1.37487
1.36537
1.36537
1.36537
1.37953
1.37953
1.37953
1.37953
1.40574
1.40574
1.40574
1.40574
1.3905
1.3905
1.3905
1.37877
1.37877
1.37877
1.37877
1.37225
1.37225
1.37225
1.39614
1.39614
1.39614
1.39614
1.39549
1.39549
1.39549
1.38357
1.38357
1.38357
1.38357
1.39617
1.39617
1.39617
1.36358
1.36358
1.36358
1.36358
1.37875
1.37875
1.37875
1.38726
1.38726
1.38726
1.38726
1.39797
1.39797
1.39797
1.38588
1.38588
1.38588
1.40779
1.40779
1.40779
1.40779
1.42944
1.42944
1.42944
1.42141
1.42141
1.42141
1.42141
1.40493
1.40493
1.40493
1.39219
1.39219
1.39219
1.39219
1.41624
1.41624
1.41624
1.41949
1.41949
1.41949
1.41949
1.39782
1.39782
1.39782
1.38891
1.38891
1.38891
1.38891

Deltas
-0.00587753
-0.00587753
0.0125913
0.0125913
0.0364378
0.0364378
0.0364378
0.0364378
-0.0355069
-0.0355069
-0.0355069
-0.0355069
-0.0245801
-0.0245801
-0.0245801
0.042606
0.042606
0.042606
0.042606
-0.0367913
-0.0367913
-0.0367913
-0.00833026
-0.00833026
-0.00833026
-0.00833026
0.0108021
0.0108021
0.0108021
0.0114087
0.0114087
0.0114087
-0.00327068
-0.00327068
-0.00327068
-0.00327068
0.0192108
0.0192108
0.0192108
0.0400905
0.0400905
0.0400905
0.0400905
-0.067869
-0.067869
-0.067869
0.0244128
0.0244128
0.0244128
0.0244128
-0.0485508
-0.0485508
-0.0485508
-0.00434923
-0.00434923
-0.00434923
-0.00434923
0.00663525
0.00663525
0.00663525
0.00663525
0.0299159
0.0299159
0.0299159
-0.01929
-0.01929
-0.01929
-0.01929
-0.0160371
-0.0160371
-0.0160371
0.0331115
0.0331115
0.0331115
-0.0085616
-0.0085616
-0.0085616
-0.0085616
0.0132878
0.0132878
0.0132878
0.00543565
0.00543565
0.00543565
0.0223754
0.0223754
0.0223754
0.0223754
-0.00287011
-0.00287011
-0.00287011
0.0252588
0.0252588
0.0252588
0.0252588
-0.0052977
-0.0052977
-0.0052977
0.00371999
0.00371999
0.00371999
0.00371999
-0.0138603
-0.0138603
-0.0138603
0.0402766
0.0402766
0.0402766
0.0402766
-0.0355073
-0.0355073
-0.0355073
-0.0234074
-0.0234074
-0.0234074
-0.0234074
-0.0127128
-0.0127128
-0.0127128
0.0117777
0.0117777
0.0117777
0.0117777
-0.0230163
-0.0230163
-0.0230163
0.0335744
0.0335744
0.0335744
0.0335744
-0.0238444
-0.0238444
-0.0238444
-0.0238444
-0.0167242
-0.0167242
-0.0167242
0.022892
0.022892
0.022892
0.022892
-0.00870146
-0.00870146
-0.00870146
-0.0093219
-0.0093219
-0.0093219
-0.0093219
0.00023872
0.00023872
0.00023872
0.0371722
0.0371722
0.0371722
0.0371722
-0.0280611
-0.0280611
-0.0280611
-0.011689
-0.011689
-0.011689
-0.011689
0.0115863
0.0115863
0.0115863
-0.00481555
-0.00481555
-0.00481555
-0.00481555
-0.00118966
-0.00118966
-0.00118966
0.00144152
0.00144152
0.00144152
0.00144152
0.0413179
0.0413179
0.0413179
-0.00826768
-0.00826768
-0.00826768
-0.00826768
-0.0227741
-0.0227741
-0.0227741
-0.0334116
-0.0334116
-0.0334116
-0.0334116
0.0511989
0.0511989
0.0511989
-0.00735303
-0.00735303
-0.00735303
-0.00735303
-0.00629762
-0.00629762
-0.00629762
-0.00629762
-0.0144995
-0.0144995
-0.0144995
0.0311553
0.0311553
0.0311553
-0.00176908
-0.00176908
-0.00176908
-0.00176908
-0.00741014
-0.00741014
-0.00741014
-0.0226702
-0.0226702
-0.0226702
-0.0226702
0.0109501
0.0109501
0.0109501
-0.00180953
-0.00180953
-0.00180953
-0.00180953
0.00200206
0.00200206
0.00200206
0.00200206
0.0551946
0.0551946
0.0551946
-0.00998976
-0.00998976
-0.00998976
-0.00998976
0.0188173
0.0188173
0.0188173
0.00452162
0.00452162
0.00452162
0.00452162
-0.0127898
-0.0127898
-0.0127898
-0.0299221
-0.0299221
-0.0299221
-0.0299221
0.0118382
0.0118382
0.0118382
0.0097405
0.0097405
0.0097405
0.0097405
-0.0666228
-0.0666228
-0.0666228
-0.0666228
0.0235839
0.0235839
0.0235839
0.0151972
0.0151972
0.0151972
0.0151972
0.00634589
0.00634589
0.00634589
0.0463763
0.0463763
0.0463763
0.0463763
-0.0110754
-0.0110754
-0.0110754
-0.0299024
-0.0299024
-0.0299024
-0.0299024
-0.0185006
-0.0185006
-0.0185006
0.0205084
0.0205084
0.0205084
0.0205084
0.0068801
0.0068801
0.0068801
0.0134368
0.0134368
0.0134368
0.0134368
-0.00705489
-0.00705489
-0.00705489
0.0324307
0.0324307
0.0324307
0.0324307
-0.0291314
-0.0291314
-0.0291314
1.91294e-05
1.91294e-05
1.91294e-05
1.91294e-05
-0.0319346
-0.0319346
-0.0319346
-0.00906367
-0.00906367
-0.00906367
-0.00906367
0.00401689
0.00401689
0.00401689
-0.0275719
-0.0275719
-0.0275719
-0.0275719
0.0178763
0.0178763
0.0178763
0.0178763
0.0188358
0.0188358
0.0188358
-0.00927
-0.00927
-0.00927
-0.00927
-0.0259971
-0.0259971
-0.0259971
0.0364329
0.0364329
0.0364329
0.0364329
-0.036527
-0.036527
-0.036527
-0.00359914
-0.00359914
-0.00359914
-0.00359914
0.0102094
0.0102094
0.0102094
0.0102094
-0.0200402
-0.0200402
-0.0200402
-0.00515533
-0.00515533
-0.00515533
-0.00515533
0.0359454
0.0359454
0.0359454
0.0181856
0.0181856
0.0181856
-0.015999
-0.015999
-0.015999
-0.015999
0.00386487
0.00386487
0.00386487
0.00386487
0.00387934
0.00387934
0.00387934
0.0031181
0.0031181
0.0031181
0.0031181
-0.000225168
-0.000225168
-0.000225168
-0.00589351
-0.00589351
-0.00589351
-0.00589351
0.00567722
0.00567722
0.00567722
0.0280527
0.0280527
0.0280527
0.0280527
0.0037698
0.0037698
0.0037698
0.0142851
0.0142851
0.0142851
0.0142851
-0.00463675
-0.00463675
-0.00463675
-0.0294417
-0.0294417
-0.0294417
-0.0294417
-0.00289994
-0.00289994
-0.00289994
-0.0338192
-0.0338192
-0.0338192
-0.0338192
0.0181219
0.0181219
0.0181219
0.0353388
0.0353388
0.0353388
0.0353388
-0.00521258
-0.00521258
-0.00521258
-0.00521258
0.0154055
0.0154055
0.0154055
-0.0497326
-0.0497326
-0.0497326
-0.0497326
-0.00300629
-0.00300629
-0.00300629
0.0117262
0.0117262
0.0117262
0.0117262
0.0315676
0.0315676
0.0315676
-0.038435
-0.038435
-0.038435
-0.038435
-0.0239365
-0.0239365
-0.0239365
0.00619384
0.00619384
0.00619384
0.00619384
0.0100617
0.0100617
0.0100617
-0.0248041
-0.0248041
-0.0248041
-0.0248041
-0.0145139
-0.0145139
-0.0145139
0.00309122
0.00309122
0.00309122
0.0248323
0.0248323
0.0248323
0.0248323
-0.0152637
-0.0152637
-0.0152637
0.0228372
0.0228372
0.0228372
0.0228372
-8.32155e-05
-8.32155e-05
-8.32155e-05
0.033665
0.033665
0.033665
0.033665
-0.00999075
-0.00999075
-0.00999075
0.00887254
0.00887254
0.00887254
0.00887254
-0.0194016
-0.0194016
-0.0194016
-0.00758857
-0.00758857
-0.00758857
-0.00758857
